TIME, CPU0_FREQ (kHz),CPU4_FREQ, A7_W (uW), A15_W (uW), MEM_W (uW), GPU_W (uW)
1757020804402,1400000,2000000,387500,81250,62500,12500
1757020804452,1400000,2000000,425000,81250,68750,12500
1757020804501,1400000,2000000,406250,81250,68750,12500
1757020804561,1400000,2000000,381250,81250,62500,12500
1757020804620,1400000,2000000,418750,81250,62500,12500
1757020804669,1400000,2000000,418750,81250,68750,12500
1757020804719,1400000,2000000,393750,81250,68750,12500
1757020804775,1400000,2000000,431250,81250,62500,12500
1757020804829,1400000,2000000,393750,81250,68750,12500
1757020804878,1400000,2000000,343750,81250,68750,12500
1757020804929,1400000,2000000,437500,81250,68750,12500
1757020804990,1400000,2000000,393750,81250,68750,12500
1757020805046,1400000,2000000,381250,81250,68750,12500
1757020805095,1400000,2000000,437500,81250,68750,12500
1757020805150,1400000,2000000,443750,81250,68750,12500
1757020805212,1400000,2000000,431250,81250,68750,12500
1757020805265,1400000,2000000,437500,81250,68750,12500
1757020805314,1400000,2000000,412500,81250,68750,12500
1757020805371,1400000,2000000,400000,81250,62500,12500
1757020805433,1400000,2000000,393750,81250,62500,12500
1757020805484,1400000,2000000,393750,81250,68750,12500
1757020805533,1400000,2000000,381250,81250,68750,12500
1757020805593,1400000,2000000,425000,81250,62500,12500
1757020805655,1400000,2000000,425000,81250,75000,12500
1757020805704,1400000,2000000,343750,81250,68750,12500
1757020805753,1400000,2000000,431250,81250,68750,12500
1757020805815,1400000,2000000,400000,81250,62500,12500
1757020805872,1400000,2000000,393750,81250,62500,12500
1757020805921,1400000,2000000,443750,81250,68750,12500
1757020805974,1400000,2000000,431250,81250,68750,12500
1757020806035,1400000,2000000,418750,81250,62500,12500
1757020806090,1400000,2000000,425000,81250,68750,12500
1757020806139,1400000,2000000,425000,81250,68750,12500
1757020806195,1400000,2000000,406250,81250,68750,12500
1757020806256,1400000,2000000,418750,81250,68750,12500
1757020806308,1400000,2000000,431250,81250,68750,12500
1757020806357,1400000,2000000,400000,81250,68750,12500
1757020806414,1400000,2000000,387500,81250,62500,12500
1757020806475,1400000,2000000,387500,81250,62500,12500
1757020806526,1400000,2000000,393750,81250,68750,12500
1757020806575,1400000,2000000,375000,81250,62500,12500
1757020806635,1400000,2000000,418750,81250,62500,12500
1757020806697,1400000,2000000,425000,81250,62500,12500
1757020806747,1400000,2000000,443750,81250,62500,12500
1757020806796,1400000,2000000,437500,81250,68750,12500
1757020806856,1400000,2000000,406250,81250,62500,12500
1757020806916,1400000,2000000,393750,81250,62500,12500
1757020806965,1400000,2000000,437500,81250,68750,12500
1757020807015,1400000,2000000,418750,81250,68750,12500
1757020807077,1400000,2000000,418750,81250,62500,12500
1757020807134,1400000,2000000,425000,81250,68750,12500
1757020807184,1400000,2000000,393750,81250,75000,12500
1757020807237,1400000,2000000,381250,81250,68750,12500
1757020807299,1400000,2000000,412500,81250,68750,12500
1757020807353,1400000,2000000,400000,81250,68750,12500
1757020807402,1400000,2000000,362500,81250,68750,12500
1757020807457,1400000,2000000,350000,81250,68750,12500
1757020807519,1400000,2000000,418750,81250,68750,12500
1757020807571,1400000,2000000,362500,81250,68750,12500
1757020807620,1400000,2000000,337500,81250,68750,12500
1757020807674,1400000,2000000,437500,81250,68750,12500
1757020807730,1400000,2000000,381250,81250,68750,12500
1757020807781,1400000,2000000,425000,81250,68750,12500
1757020807830,1400000,2000000,393750,81250,62500,12500
1757020807887,1400000,2000000,381250,81250,62500,12500
1757020807949,1400000,2000000,381250,81250,68750,12500
1757020807999,1400000,2000000,381250,81250,62500,12500
1757020808049,1400000,2000000,362500,81250,62500,12500
1757020808108,1400000,2000000,425000,81250,68750,12500
1757020808170,1400000,2000000,425000,81250,62500,12500
1757020808220,1400000,2000000,437500,81250,68750,12500
1757020808269,1400000,2000000,431250,81250,68750,12500
1757020808330,1400000,2000000,400000,81250,62500,12500
1757020808388,1400000,2000000,387500,81250,62500,12500
1757020808438,1400000,2000000,425000,81250,68750,12500
1757020808490,1400000,2000000,406250,81250,68750,12500
1757020808551,1400000,2000000,418750,81250,62500,12500
1757020808607,1400000,2000000,425000,81250,68750,12500
1757020808657,1400000,2000000,393750,81250,87500,12500
1757020808710,1400000,2000000,368750,81250,68750,12500
1757020808765,1400000,2000000,425000,81250,68750,12500
1757020808818,1400000,2000000,437500,81250,68750,12500
1757020808867,1400000,2000000,437500,81250,68750,12500
1757020808921,1400000,2000000,431250,81250,68750,12500
1757020808983,1400000,2000000,418750,81250,62500,12500
1757020809035,1400000,2000000,437500,81250,68750,12500
1757020809085,1400000,2000000,425000,81250,68750,12500
1757020809143,1400000,2000000,406250,81250,62500,12500
1757020809204,1400000,2000000,387500,81250,62500,12500
1757020809257,1400000,2000000,387500,81250,68750,12500
1757020809308,1400000,2000000,356250,81250,75000,12500
1757020809363,1400000,2000000,431250,81250,75000,12500
1757020809420,1400000,2000000,406250,81250,68750,12500
1757020809470,1400000,2000000,381250,81250,75000,12500
1757020809520,1400000,2000000,362500,81250,75000,12500
1757020809578,1400000,2000000,406250,81250,68750,12500
1757020809634,1400000,2000000,343750,81250,75000,12500
1757020809684,1400000,2000000,400000,81250,75000,12500
1757020809736,1400000,2000000,375000,81250,87500,12500
1757020809788,1400000,2000000,281250,81250,81250,12500
